2.478611
9.785558
3.258892
1.603668
0.474385
1.811705
7.892148
10.719900
4.607538
1.416486
13.889872
0.027848
5.118643
0.032454
8.475149
1.925674
1.612930
7.749958
2.704321
11.028724
0.114834
0.309202
13.170933
14.240625
2.023741
1.322575
10.777522
5.041096
0.721130
11.788639
7.288134
9.889239
4.370147
3.256258
14.919203
4.700427
5.657163
2.542139
2.502465
12.302737
11.432401
8.728292
0.087430
13.926826
3.685013
0.008247
0.653030
1.095427
7.292724
0.539228
8.111382
3.248362
2.910571
9.470567
6.530507
3.208781
1.229225
5.578784
1.276076
5.422005
1.312249
5.876670
0.168045
3.135401
0.634806
1.869917
5.704215
1.276076
1.060595
6.128560
9.615654
0.045371
9.740396
16.687950
5.741600
8.068291
25.395439
1.094097
2.103975
0.466841
2.443414
2.299493
10.857185
2.492910
12.572577
0.820823
5.910892
6.982389
5.308227
4.141770
3.242522
6.420747
3.168936
5.867288
1.219673
11.088637
2.570125
1.542223
14.654902
3.045936
2.211572
2.391941
8.150171
11.647158
2.091440
0.667134
1.322575
1.745502
10.183342
2.752776
7.096519
1.278637
6.131680
9.582355
1.369511
15.278620
4.629443
6.499620
31.191624
6.925372
0.966782
1.279031
6.638124
0.022941
4.381495
9.328586
5.148463
0.530568
0.968819
16.632418
4.791492
4.647192
6.851547
7.832593
17.260782
8.066759
4.080314
3.334716
4.082039
0.471198
8.153288
6.605995
6.708841
1.809952
5.176313
3.877101
0.145059
2.953634
3.336798
4.086874
12.254720
11.759700
5.410735
6.003818
5.810386
5.406234
0.818666
1.893705
6.574640
3.736615
3.786801
6.971303
0.824061
14.412040
7.348141
3.770232
0.896920
2.370078
0.285397
14.841403
0.783740
8.729166
1.762188
2.519105
6.953493
3.363038
3.101521
0.707049
0.060793
0.685651
2.584432
9.282467
8.178288
0.675336
2.018026
6.760479
4.791095
8.441189
4.490055
3.270031
26.801277
0.356334
11.491304
5.886565
4.696522
6.242650
5.801614
2.587759
1.806009
7.472400
6.521502
0.684601
0.379327
0.577617
5.873212
11.495865
2.195213
2.709827
7.208153
0.267819
3.913015
1.268008
0.167099
0.008858
0.698794
7.838443
7.018281
8.838789
2.544930
4.100369
0.951808
13.853188
0.208766
0.512108
0.299796
4.165232
5.074244
0.648337
4.539743
2.919045
2.473353
4.666555
8.431293
2.238956
0.075643
3.639623
0.950332
15.195069
1.146598
1.077034
3.436525
2.909752
4.188452
13.101267
11.383095
5.532892
2.913303
6.855153
9.076756
0.863258
3.511415
15.500584
0.009011
3.505567
4.205761
2.990961
0.680928
10.293314
3.276198
2.135684
2.941253
11.060681
3.715397
15.097244
11.280089
6.062977
1.357685
4.515213
7.427714
3.261528
0.241647
2.457613
15.534574
0.863621
4.915553
2.555858
2.259533
6.055288
2.425289
1.819823
8.978367
5.156160
29.269564
0.156224
0.154493
1.211306
2.335148
2.847609
4.232371
8.925341
18.581764
3.859570
0.096444
1.203924
11.420403
2.215611
11.272813
13.049128
4.606771
9.681866
2.285495
4.911883
6.421299
0.220872
7.437160
7.634830
9.570960
7.437160
5.131827
0.959936
5.990653
1.449613
2.089354
12.440428
3.818466
7.692774
0.284751
1.966434
2.092136
8.715195
1.099037
2.410440
4.030866
8.245308
15.175986
0.507039
7.996030
9.319721
0.433614
3.722781
4.127816
7.639751
5.557872
7.030094
0.917226
5.520910
13.527755
4.719213
18.457844
0.804308
7.701310
2.391695
1.220063
9.106842
1.787649
2.009125
2.283326
1.026567
6.302569
1.832575
3.050989
10.087195
0.858002
0.990908
1.363294
1.382571
6.346899
2.903476
4.630984
11.448945
0.372254
6.181338
0.906605
8.796955
1.421958
2.983196
2.631217
1.391834
7.054431
5.374394
1.891923
4.487433
5.908404
8.877372
10.056314
7.698462
27.068005
15.606716
2.075469
0.916676
3.440167
9.548246
7.878114
1.596314
14.732734
4.572002
5.244666
11.140774
5.106764
2.290076
7.802716
3.217485
8.504323
2.636902
0.285074
2.641817
3.487757
3.566849
4.221710
1.204701
12.041627
5.405784
7.748520
0.771084
0.559154
1.483166
5.512631
1.666304
0.280392
4.351532
11.133696
5.046535
6.465586
10.224446
3.672275
1.279819
2.603145
6.638700
33.297691
7.606808
10.517040
1.226104
12.861810
28.393545
4.841069
1.605561
3.139402
12.608542
5.762813
15.693978
10.073447
3.447459
2.604686
0.366504
11.617465
8.204201
4.690280
4.680154
6.666407
23.175781
2.984859
6.274125
0.289761
3.108052
4.244838
3.389117
11.563226
2.351239
6.288059
2.550264
0.480596
11.512621
2.901294
3.984949
5.488791
2.212522
0.661209
5.564368
1.292450
6.245842
10.879988
0.140820
4.687162
3.270912
4.566294
0.311475
7.155534
4.071349
4.979582
0.268463
1.640605
0.169466
3.427734
4.381862
3.066461
3.384310
0.266692
0.334425
1.727363
9.185733
2.583409
0.665390
1.988415
1.157933
0.977902
0.757750
7.420979
12.576351
1.898164
5.795774
7.199774
0.625460
0.235086
0.996492
1.109313
0.069605
1.033879
3.678640
0.314236
2.070849
2.939330
18.859077
4.580767
0.042600
9.617743
0.715316
1.917607
3.805711
0.119677
0.839559
0.777676
1.182615
2.075700
0.873787
6.046587
4.968029
7.677162
21.991356
0.489507
3.583069
3.749841
0.662777
0.465668
2.791560
14.322921
0.479085
0.729421
2.738242
1.193258
0.317975
0.483453
0.334915
0.911913
21.991356
0.486984
19.686516
3.731785
0.141761
2.992071
2.276345
1.051360
3.962316
0.004580
3.902347
6.707091
3.228824
8.027088
0.340465
8.038500
1.823997
4.207177
2.845722
2.846800
3.554408
8.463527
11.924291
1.128016
5.315732
0.048914
3.416540
0.316349
0.055853
6.712346
4.774018
7.083919
11.975914
1.423783
3.296218
9.798536
5.259060
1.513846
6.710009
0.505182
1.418309
3.473065
2.230129
0.857821
7.105991
8.092869
2.393419
4.640625
3.756952
1.349684
3.027450
0.278455
0.430953
0.804129
7.814354
1.718533
20.678579
3.523749
3.404769
3.113453
2.692803
3.255965
9.161839
0.105163
7.654541
5.223368
3.643733
3.927721
0.545351
6.981773
2.299977
0.712676
3.236980
2.351239
5.381552
3.453544
2.683399
3.309511
2.618835
2.772661
1.842712
1.283763
8.269976
6.937579
8.218392
10.803936
1.621153
3.684695
2.652958
2.574463
0.794640
3.390319
0.221829
2.414643
4.081694
4.635610
10.360720
17.703728
4.055529
4.778381
1.156203
3.660839
14.206513
3.813557
5.661422
2.985691
11.656570
0.036448
4.234150
1.207420
15.050588
2.017798
3.637096
7.184983
1.133947
1.299370
2.240389
2.693326
3.855280
0.252228
3.355569
4.243412
5.273935
4.164530
2.363709
0.624768
4.064808
37.819973
5.406684
21.690424
3.849015
3.000406
3.459332
6.927811
0.594087
2.355637
3.574641
5.154449
0.115302
1.588551
0.364370
15.527758
7.597733
1.354283
1.399500
0.883610
8.326129
3.880747
0.780529
6.532761
6.207146
10.334130
21.054995
19.702190
5.612425
2.925889
4.834243
14.138980
4.476589
3.899018
9.270760
4.111121
10.190364
7.422326
1.372522
1.287315
3.497268
4.341341
9.653382
17.402462
2.721121
1.283763
3.223878
1.519426
5.102106
11.432401
8.022532
9.058976
1.610402
0.401104
1.603038
2.574463
11.780584
9.074881
10.999722
5.823083
2.156544
1.309472
5.928840
6.121808
2.455368
2.632767
2.077318
5.249896
2.822055
5.214701
2.599294
1.979792
6.138447
12.172218
8.254047
3.817157
16.469429
0.792851
0.349948
1.675469
1.340099
12.396536
6.172416
1.723054
6.154619
4.314869
4.416805
4.696912
1.093717
4.932711
2.622443
9.409081
1.663111
2.357592
1.385187
9.814807
5.102529
4.914329
1.694920
1.837200
4.191980
3.301235
5.871236
0.099089
1.673763
19.663097
5.806485
3.860891
23.287075
5.294130
9.405075
7.275695
1.410210
6.645612
6.373577
0.670099
5.841209
0.663299
5.059111
0.617512
4.971327
7.433110
17.231964
6.139488
3.935425
5.572268
4.860393
2.913850
0.042754
0.294290
0.213063
5.674696
0.489675
0.171044
3.576824
10.151862
7.241810
1.351883
0.135486
1.611666
1.851322
6.189751
3.819777
0.229811
1.915592
5.164298
8.011156
0.157641
1.558035
0.757039
5.977523
1.671844
1.240163
5.273059
1.203148
4.673156
5.654325
1.466566
12.158310
0.451619
0.673240
2.669847
0.974563
0.014058
1.725208
2.517085
32.842831
0.161264
5.206481
19.082844
4.358823
0.722364
1.086696
4.906588
4.163828
0.259294
0.352894
7.445947
0.679355
7.916615
16.315571
2.518852
7.179208
0.349457
14.797063
3.255380
0.044755
20.373213
5.858908
4.614061
12.056915
0.108749
4.479952
1.434750
3.335608
4.752656
12.349417
0.048760
0.027695
1.504767
2.532254
2.104440
1.964625
4.539743
2.492659
0.257527
0.510249
1.841388
0.414514
0.540078
0.574364
1.758933
7.086437
0.012222
3.899018
0.071616
7.281583
1.900395
2.859490
2.253782
0.322530
3.889376
0.708631
0.355351
18.360870
16.355602
20.337433
13.865385
1.022821
5.401738
0.540248
11.420403
3.007362
1.907764
2.969084
1.354483
0.606647
19.678698
0.024934
13.744724
11.796707
2.966045
2.265291
3.572146
0.587218
2.697512
3.133401
1.547419
4.532183
0.363877
7.918103
2.303361
6.765790
1.342294
8.362563
5.148463
8.347148
7.872954
11.315166
3.423495
7.809258
3.233191
4.319935
10.822508
1.212862
6.480064
2.237524
6.468367
0.216249
7.034454
10.730328
5.198707
0.350766
3.202408
6.631796
3.507721
14.527811
2.892851
5.747376
4.093444
1.961462
3.364832
4.661513
6.327929
0.776071
1.103792
11.715014
7.001541
4.697303
8.781026
5.627921
11.647158
11.021803
13.200783
2.916037
7.002779
0.313749
1.386798
5.906415
8.710837
1.982967
0.293158
0.224860
6.838949
0.292025
5.791399
1.628967
2.889315
5.305581
1.199461
0.317975
1.254850
8.301986
0.919977
4.693400
1.236254
0.836491
1.665240
0.414016
0.015435
9.223237
25.724670
22.945326
10.067730
0.584988
8.965515
2.717967
4.963498
2.005249
2.386774
1.730813
2.482620
4.443824
12.186166
3.661791
0.709686
2.015057
2.875464
1.590018
4.217807
0.517182
