3.884230
6.593415
8.303710
5.275928
9.755711
7.220828
6.897659
6.670127
8.852102
10.617631
6.842735
7.166716
4.750465
7.731928
5.202240
8.342980
6.597848
7.331824
9.466643
5.068857
9.015917
5.457518
5.696031
5.357206
6.434531
8.263439
6.442893
4.362939
7.168675
5.906897
6.730180
7.937070
5.777385
7.235375
10.699947
6.906589
6.753241
7.029488
8.421866
7.359381
8.584670
8.618729
4.954884
6.912692
6.914758
8.572775
8.485190
3.172224
8.956311
7.831269
7.005903
7.029799
9.211713
6.052785
7.415985
7.218639
6.275367
6.213747
7.135126
7.309659
5.850756
5.868151
5.984705
8.681717
8.015827
4.126245
6.319713
9.924742
8.344030
7.183812
7.260253
6.261068
6.533625
5.705469
9.216881
7.029953
4.744627
7.838375
8.034234
5.896605
5.702930
7.728568
7.933966
7.015339
8.856296
7.695380
5.426681
5.214699
4.765136
4.577387
8.166956
9.164755
6.147613
6.244849
6.998680
7.054786
6.475743
6.993772
4.957443
7.808660
6.982120
7.054994
5.558437
5.620419
5.827241
8.335219
8.158616
8.386036
6.763887
6.827203
5.162199
8.181415
6.652908
7.021913
6.825607
8.027343
6.374913
10.499807
8.088438
5.604151
5.650900
7.046662
7.324585
8.174805
8.649331
4.818343
5.779330
8.015816
5.891084
6.525857
6.766069
8.911142
6.536849
7.015841
8.308935
8.628401
4.946679
9.292252
8.854963
7.152826
4.889118
2.359865
4.142992
5.345520
7.455869
7.821734
6.124773
4.232766
6.158043
5.183705
8.002294
6.721230
6.682187
9.276689
9.311146
5.955209
5.892600
8.343417
8.362219
9.165857
7.006120
7.645012
9.822978
8.408249
8.035780
7.394462
4.738328
7.384964
9.991072
7.407481
7.335951
7.098851
6.089145
7.772860
7.449170
7.318478
4.890261
6.224589
7.061849
8.377122
7.010004
6.815632
7.059280
7.353664
6.967157
7.913477
7.779641
5.621027
7.097779
7.231689
6.050008
7.011209
5.846159
5.907995
6.420729
5.852010
7.509957
7.749988
6.386239
7.579152
5.478808
8.634665
9.100055
6.085272
6.111570
7.727422
10.035226
6.415412
6.689343
7.454041
8.220513
6.580308
7.218251
6.133257
7.948672
8.545334
8.338762
7.619062
7.601111
5.521730
6.503058
6.350314
4.958250
6.381226
6.618198
8.470794
6.740963
8.014462
8.452975
7.242747
4.762219
4.660604
10.014641
10.632061
7.210987
4.872322
7.340920
4.867692
5.228882
6.913584
4.551811
6.741721
7.402596
6.979561
6.870870
10.314568
7.387461
6.308839
9.327104
7.593969
6.425195
7.838809
8.655635
5.682286
6.339377
9.352918
5.481808
8.843331
8.023182
5.825615
8.173569
7.768923
7.203904
9.022200
6.665929
4.580954
5.272634
9.074106
6.921477
8.550825
8.360392
4.704428
4.130740
5.808053
6.432982
7.951383
8.039555
7.336139
5.549375
8.617216
8.768579
7.993641
4.283779
7.203735
7.294083
5.448735
8.000936
7.393241
7.322173
6.442396
6.342402
8.673553
7.901392
7.955676
6.822723
6.413357
6.151472
7.531736
6.553308
8.101451
5.828801
8.480047
7.342844
8.409744
6.333097
8.381454
4.837052
5.904329
4.263340
7.695786
7.326250
7.659588
4.688513
5.489010
4.963183
5.148003
6.807240
11.178616
6.064345
5.200072
8.012987
6.181369
5.982074
5.587115
5.692377
8.699271
8.251137
7.515418
5.612339
5.802899
3.559203
6.232557
6.264170
7.777534
7.414174
8.528546
8.795105
6.634566
5.106039
3.998097
6.562400
9.002268
5.410714
6.983957
7.537572
9.633556
7.675801
5.601416
4.486560
7.362193
8.176960
6.259986
7.217390
6.434401
7.642853
8.355170
5.591802
6.208305
7.964930
6.963083
7.729790
6.752793
8.362498
7.114668
6.447400
7.476680
5.293844
5.412961
7.639989
5.139710
4.123653
4.163932
7.036309
5.184838
7.710745
6.059827
5.102284
8.953098
8.812730
7.883832
6.880141
7.876010
7.541672
6.465785
7.527577
5.259225
5.848315
7.148947
5.809854
5.856465
6.320757
6.353446
4.413766
5.882592
7.968318
6.642087
5.527850
6.985161
6.004515
7.527064
6.394580
4.024230
6.311982
4.010539
6.947865
6.937612
6.489768
9.758338
7.720311
8.452535
5.064025
6.609059
7.021050
5.680212
8.588499
6.343838
6.523458
7.539189
4.683248
7.144882
7.720406
5.287378
7.638038
9.391586
5.752587
6.308921
9.849218
7.467034
4.802995
6.807559
5.430417
8.568485
7.229182
4.784776
5.050188
5.735459
8.378252
9.033806
9.672029
7.853577
7.211073
8.016301
8.223003
5.641270
9.372385
8.504159
8.110865
7.388699
5.429617
9.327615
7.399668
7.400934
6.530435
4.278977
5.350920
8.527569
6.452330
5.372539
7.949807
6.960629
7.334066
5.682391
7.748262
4.285427
6.390635
6.214420
7.155195
6.481586
7.641786
7.077036
8.599374
6.276609
7.320660
5.389164
7.217199
5.457665
8.516848
6.306013
7.181015
8.448088
7.829640
6.134675
7.991116
6.348085
6.528373
7.954895
4.527540
7.143944
6.693224
5.155944
6.943758
8.399849
7.129813
6.378014
5.476828
8.823711
7.207148
9.048291
6.281128
9.218770
7.501148
7.882010
7.476221
6.997846
8.184093
6.244190
5.807042
8.032524
4.298384
5.156380
4.542153
6.980266
4.457727
4.590828
4.723522
6.007345
6.931493
7.402535
4.934175
5.021156
8.566683
7.967198
9.004053
9.079393
5.194382
8.532126
5.226800
6.555580
6.674163
6.723944
5.574028
8.153193
6.973310
6.808785
7.301920
6.669605
6.978372
8.749702
6.207647
9.534766
7.348279
7.746418
9.478158
6.510228
7.932857
5.108215
6.575630
9.346346
8.858412
7.343186
6.232963
4.847141
4.425320
6.852205
5.434757
6.402723
8.354879
4.708195
7.879215
7.695264
5.454782
6.839927
7.849719
6.469331
3.624319
5.991380
9.851852
6.078966
6.516765
7.924307
8.189778
5.358216
6.057785
6.689501
6.752415
5.742095
8.897776
7.105744
5.465188
6.480426
7.133424
7.565354
8.045462
7.181246
5.061303
5.457581
6.417855
6.827793
7.680810
4.824699
5.321678
7.575015
7.555935
4.521463
7.300958
5.375289
9.731592
5.763142
8.484123
9.511864
6.948689
5.938008
7.127581
5.871826
7.185911
7.237621
9.022478
8.481854
6.870524
5.363642
6.949941
8.115462
6.670930
7.493571
7.151014
9.171726
9.829346
7.431488
6.431518
7.494743
6.638381
7.085635
6.101978
4.899446
8.032860
6.819698
8.150229
11.305017
7.285208
8.413603
4.881087
5.774898
4.628991
5.479777
6.901430
4.555085
4.317078
8.025926
4.158728
5.900787
7.481935
6.053699
5.394803
10.385604
5.390547
5.791862
6.959537
5.725502
6.046172
8.653621
6.073963
6.653655
8.194608
6.557979
7.186075
7.093476
7.892251
8.030074
8.485221
7.438481
7.273432
7.063190
5.695301
6.918912
5.980475
7.407903
5.947376
5.567261
7.645515
6.970654
6.222668
8.258869
7.933296
6.350087
6.813764
5.425128
7.703612
8.664391
7.488128
6.170186
8.742881
4.583434
6.257692
7.765472
5.031484
6.675690
6.891256
5.997662
8.420627
5.558263
7.789884
6.603993
8.369328
7.167940
5.980728
5.930306
5.475120
6.319189
5.657525
8.039324
7.790857
3.768972
7.535035
8.667560
5.384079
7.830227
6.608550
7.275461
6.742243
5.663570
5.441821
8.402077
6.950149
5.635467
6.485270
9.671849
9.330937
7.000131
5.450821
8.033925
7.030486
7.459538
6.402148
7.028713
6.914106
6.833158
7.477795
9.372734
7.600312
6.913394
5.883386
6.579782
8.299152
5.688745
5.572063
8.935043
8.029387
8.675435
8.644524
6.683837
9.193774
7.466456
6.593773
6.139481
6.544421
8.093419
8.369828
7.515381
4.511333
8.483791
7.896787
4.724905
9.151898
7.021862
7.937212
5.978160
6.684434
6.413371
7.164947
7.623721
7.615816
6.611855
6.942127
7.663706
6.206661
6.379373
8.107495
7.145903
6.695801
5.240434
7.638218
5.112648
8.260062
6.911068
7.421260
6.656556
8.556821
7.308220
7.201012
5.900476
7.397443
6.158796
7.675168
6.190952
7.371801
8.736519
8.275248
7.189270
4.540780
6.250130
6.688773
6.015403
5.561607
6.719336
9.568203
6.871641
9.554797
8.843926
8.707512
4.360717
5.590983
6.556089
9.539408
4.201179
8.168331
6.929058
6.131009
8.955708
6.247523
6.101161
6.495183
6.311248
11.044003
5.179239
7.186571
7.438560
8.004626
8.113025
5.391565
6.976971
5.295149
7.473872
9.439301
6.298442
6.241854
8.029199
9.815765
7.066966
8.343956
5.203330
10.734405
8.880434
8.405868
5.722107
7.370350
5.911222
7.184093
8.681809
7.980774
9.248938
6.060480
5.994066
6.240502
6.575936
5.546164
6.451031
7.815208
6.376151
7.310975
8.397905
5.884068
8.279961
7.958824
5.541287
6.944573
6.509780
4.972777
6.856153
6.628216
8.775464
4.801455
6.604253
5.688524
7.004779
8.630783
8.032341
6.744815
6.422083
6.357821
8.654115
6.311441
4.338342
6.351656
5.858453
5.868610
5.832791
5.005981
9.072130
6.622412
8.868316
5.428414
7.370701
7.270289
8.922098
6.124908
8.942147
7.638192
6.500515
5.297750
9.242887
7.079172
5.513398
7.424577
8.077633
7.074413
6.336530
7.222717
5.861888
9.710799
9.338403
6.710565
6.837161
8.665038
8.412220
5.955722
5.784697
6.077270
6.015435
6.384364
7.429457
9.251210
5.959353
5.613079
6.180079
6.799831
7.681680
7.141932
6.665816
5.854235
7.610212
7.590683
9.089702
7.279999
5.956470
7.888707
7.730518
6.114553
8.910437
5.693299
6.562376
6.461318
8.620525
6.192276
7.027487
5.588802
8.091719
7.341323
6.735549
8.813858
5.557003
8.111334
8.187558
9.581903
8.282363
6.763935
5.594903
8.023590
9.333484
7.429233
6.969316
8.729752
7.071827
5.939453
6.859565
7.108874
6.709323
6.399792
5.701329
5.205349
5.703744
7.398147
5.204825
6.196942
6.286659
6.319619
4.278954
6.621301
5.970318
6.882927
7.545595
8.866812
4.508839
5.570301
7.264423
7.303194
7.310383
9.059582
5.143778
7.072925
8.635916
4.129551
7.628334
9.746995
6.859428
9.601210
6.416021
7.774732
7.822826
5.078182
7.787550
8.499078
5.794536
6.312416
7.178160
6.664001
6.141669
6.216736
8.314003
7.409092
6.206917
